# time [min] c_out [M]
0.000000000000000000e+00 0.000000000000000000e+00
9.999999999999999124e-05 0.000000000000000000e+00
1.100000000000000066e-03 1.144334676578504759e-229
2.046188210846513859e-03 1.049366759768776770e-227
2.992376421693027436e-03 9.449221875218605068e-226
3.938564632539541012e-03 8.162867145663921450e-224
4.884752843386054588e-03 6.606939154502877927e-222
5.830941054232568165e-03 4.925930161187074560e-220
6.777129265079081741e-03 3.353043575868908553e-218
7.719738305149407773e-03 1.995211057238761767e-216
8.662347345219733805e-03 1.089538593533245608e-214
1.002513484041991053e-02 4.157879058747728063e-206
1.100934974748959613e-02 6.354698860526028101e-205
1.199356465455928174e-02 9.712205335492358869e-204
1.297777956162896734e-02 1.484361725946745966e-202
1.432751458061106917e-02 3.463580528328196744e-200
1.565614161753569114e-02 3.709532342879843024e-198
1.698476865446031311e-02 3.197428495987525993e-196
1.831339569138493509e-02 2.282726680339413148e-194
1.964202272830955706e-02 1.385174466332830990e-192
2.097064976523417903e-02 7.295260056506612422e-191
2.220312461234144955e-02 2.072825413680586813e-189
2.343559945944872006e-02 5.619090528262791784e-188
2.505159509342527388e-02 4.283653595270821976e-185
2.705912877836592900e-02 1.011581732571299431e-179
2.859789927308247978e-02 1.919965029808614425e-178
3.013666976779903056e-02 3.641894319712727730e-177
3.167544026251557787e-02 6.898194918217462490e-176
3.321421075723212518e-02 1.302691936834534442e-174
3.449329990405542584e-02 1.370535439197015133e-173
3.577238905087872650e-02 1.438160507166660308e-172
3.705147819770202716e-02 1.503682597702203970e-171
3.862138351194543268e-02 2.994967585703750155e-170
4.031306540391149662e-02 8.173736058897887244e-169
4.246619243369696706e-02 2.276523688529774522e-166
4.412221733725285588e-02 4.006147126579606699e-165
4.577824224080874471e-02 6.867561015316499592e-164
4.743426714436463354e-02 1.142288366122683752e-162
4.909029204792052237e-02 1.837052868200443920e-161
5.045276396029674260e-02 1.666401606086953882e-160
5.181523587267296282e-02 1.483880519761461807e-159
5.345969146064650374e-02 2.129044515411835630e-158
5.522889112335248318e-02 3.720873978978876478e-157
5.745290349701387411e-02 1.875476440622183805e-155
5.915175505162505870e-02 2.396753282467813680e-154
6.085060660623624329e-02 2.940519443722346314e-153
6.254945816084742094e-02 3.461235727706978494e-152
6.391844973348280445e-02 2.390940646302664562e-151
6.528744130611818797e-02 1.613988138640361980e-150
6.665643287875357148e-02 1.064205958324222649e-149
6.835033213891178461e-02 1.085141214139586837e-148
7.017475618527646564e-02 1.282448903338362599e-147
7.243980446764623771e-02 2.894962798646469170e-146
7.413389620362335897e-02 2.515886062970924619e-145
7.582798793960048023e-02 2.105942237219380149e-144
7.752207967557760149e-02 1.698636712846646057e-143
7.891478615461246238e-02 9.126213579971068710e-143
8.030749263364732327e-02 4.791774558106013090e-142
8.170019911268218415e-02 2.459174199359520519e-141
8.344915841196377804e-02 1.874018626220093392e-140
8.535291011569225150e-02 1.650625312302832614e-139
8.725666181942072497e-02 1.390245579338439116e-138
8.916041352314919843e-02 1.121511067781476520e-137
9.065727603203142804e-02 5.580283982542763266e-137
9.215413854091365764e-02 2.712024779843634864e-136
9.365100104979588724e-02 1.287987932331506377e-135
9.514786355867811685e-02 5.980134703237127882e-135
9.666672857047160783e-02 2.776846901740637647e-134
9.818559358226509881e-02 1.260934577964599007e-133
9.859757793966109074e-02 1.892678306701975345e-133
9.905012008115184063e-02 2.951471810228250115e-133
9.950266222264259053e-02 4.593902387684907450e-133
9.995520436413334042e-02 7.136927078433241640e-133
9.997231927442450095e-02 7.256568970412400891e-133
9.997916523854095960e-02 7.304979993668040720e-133
9.999637533937470735e-02 7.428098003668335780e-133
9.999981481335958045e-02 7.452948664647338425e-133
1.000000899712783636e-01 7.454940270785027045e-133
1.000003651291971468e-01 7.456932403998454881e-133
1.000031167083849787e-01 7.476882755703800865e-133
1.000306325002632973e-01 7.679316560302758887e-133
1.003057904190464839e-01 1.002717408557458161e-132
1.013808203132512548e-01 2.825261846758945245e-132
1.024558502074560257e-01 7.878755332224930427e-132
1.035308801016607966e-01 2.174926309173278274e-131
1.046059099958655675e-01 5.944132316802765990e-131
1.056809398900703384e-01 1.608636488628658806e-130
1.067559697842751093e-01 4.311425475573837631e-130
1.078309996784798802e-01 1.144576242040223675e-129
1.091460784883229868e-01 3.731922905074962990e-129
1.104611572981660933e-01 1.200135859372820528e-128
1.117762361080091998e-01 3.807661345345353903e-128
1.130913149178523064e-01 1.192159627559635993e-127
1.146762877481684040e-01 4.640009282565448134e-127
1.162612605784845016e-01 1.772844126903634835e-126
1.178462334088005992e-01 6.652551376584686304e-126
1.194312062391166968e-01 2.452813433307350948e-125
1.209152694170024245e-01 8.192554167748719866e-125
1.223993325948881522e-01 2.696492763243568149e-124
1.238833957727738799e-01 8.748768610850049714e-124
1.253674589506595938e-01 2.798986869925768713e-123
1.269236320744043522e-01 9.337699249644005871e-123
1.287983809526547785e-01 3.912547487576061522e-122
1.310550574095875886e-01 2.140175659073707324e-121
1.325264277335621854e-01 6.363311823925414819e-121
1.339977980575367822e-01 1.869204317554501711e-120
1.354691683815113790e-01 5.425996804172717628e-120
1.369405387054859757e-01 1.556889573501485474e-119
1.384119090294605725e-01 4.416669977804736118e-119
1.398832793534351693e-01 1.239057314242059178e-118
1.414850939926340367e-01 3.762336751662609506e-118
1.434287889504633207e-01 1.424384763767777063e-117
1.459018389453208553e-01 7.566872813650856390e-117
1.474016389660746662e-01 2.050170494496197406e-116
1.489014389868284771e-01 5.498178748364680184e-116
1.504012390075822880e-01 1.459787180031967150e-115
1.519010390283360989e-01 3.837833882640990264e-115
1.534008390490899099e-01 9.992877711617627283e-115
1.549006390698437208e-01 2.577403219724733426e-114
1.565917964069695190e-01 7.419581398269217825e-114
1.586520924632536800e-01 2.649725166116556914e-113
1.611225571016940139e-01 1.193864516411625245e-112
1.627207302288054269e-01 3.118591152735952892e-112
1.643189033559168399e-01 8.068724441265036437e-112
1.659170764830282530e-01 2.068109437050895760e-111
1.675152496101396660e-01 5.252200797114217357e-111
1.691134227372510790e-01 1.321853079843540662e-110
1.707115958643624920e-01 3.297402635239830333e-110
1.725430532145312001e-01 9.300389194186435220e-110
1.748055012750304449e-01 3.298151562376534242e-109
1.774178558512107540e-01 1.394299525911058719e-108
1.791315976660920462e-01 3.544811043305264494e-108
1.808453394809733383e-01 8.930554582016958288e-108
1.825590812958546305e-01 2.229902996068375381e-107
1.842728231107359227e-01 5.519345493667765445e-107
1.859865649256172149e-01 1.354419452000495918e-106
1.878798480202391596e-01 3.615958207444976660e-106
1.897731311148611044e-01 9.556597122084967961e-106
1.924395365617039277e-01 3.696521193512103849e-105
1.949768922020291284e-01 1.315234684354573531e-104
1.975142478423543291e-01 4.601064835455325654e-104
1.993883060586988110e-01 1.147617666382773421e-103
2.012623642750432928e-01 2.837387601433918087e-103
2.031364224913877747e-01 6.954936776998087903e-103
2.050104807077322566e-01 1.690399620068932533e-102
2.074408345835956902e-01 5.283328644068862190e-102
2.101548600809986234e-01 1.856438454024109182e-101
2.128688855784015566e-01 6.415204215533592606e-101
2.155829110758044898e-01 2.181145193509508263e-100
2.176134421953053177e-01 5.391262669888821794e-100
2.196439733148061457e-01 1.321095237246512497e-99
2.216745044343069737e-01 3.209849700884737078e-99
2.241521490974282271e-01 9.377501696483960893e-99
2.267893236264679480e-01 2.896659726155473953e-98
2.294264981555076688e-01 8.827777967219177001e-98
2.320636726845473896e-01 2.655121073267338948e-97
2.342362379760306590e-01 6.513346054054281923e-97
2.364088032675139284e-01 1.584189602858036432e-96
2.385813685589971977e-01 3.820863650706236161e-96
2.407539338504804671e-01 9.139736036859715031e-96
2.434940419528523470e-01 2.714666333057207272e-95
2.464257241280985722e-01 8.580882430137557402e-95
2.493574063033447974e-01 2.674348485145950945e-94
2.522890884785909948e-01 8.220917559404081875e-94
2.546460889360252500e-01 2.007767119912376402e-93
2.570030893934595051e-01 4.861918341439646095e-93
2.593600898508937602e-01 1.167538504954091699e-92
2.622352797048357331e-01 3.362135741187852836e-92
2.652456039036283908e-01 1.004628568656332309e-91
2.682559281024210485e-01 2.963654133957557119e-91
2.712662523012137061e-01 8.633910378035681221e-91
2.737953602899778072e-01 2.099876239850564007e-90
2.763244682787419082e-01 5.064074277861781192e-90
2.788535762675060092e-01 1.211139988873924304e-89
2.818955227109086747e-01 3.420054813860391174e-89
2.850321400466862554e-01 9.854945918504151352e-89
2.881687573824638360e-01 2.805753974741022689e-88
2.913053747182414166e-01 7.894676121392588292e-88
2.944419920540189972e-01 2.195937226201416445e-87
2.972365302412121602e-01 5.411306685407873540e-87
3.000310684284053231e-01 1.321840423587686140e-86
3.028256066155984860e-01 3.201269229819908135e-86
3.064268208251200165e-01 9.886721969969669698e-86
3.099948580619041327e-01 2.981211180482449504e-85
3.135628952986882489e-01 8.872104158769322528e-85
3.171309325354723652e-01 2.606673287184059349e-84
3.201895708972855581e-01 6.500406651007671162e-84
3.232482092590987510e-01 1.606482358933980884e-83
3.269330993088978010e-01 4.723096138721827212e-83
3.306675066523580009e-01 1.390942830409753271e-82
3.344019139958182008e-01 4.044960694024435483e-82
3.381363213392784006e-01 1.161896399332583445e-81
3.413510368274909612e-01 2.853763736374281037e-81
3.445657523157035218e-01 6.948196647602731190e-81
3.477804678039160824e-01 1.677267052409480126e-80
3.518947856434616051e-01 5.119180523795627927e-80
3.557645890465876981e-01 1.444195169019177585e-79
3.596343924497137912e-01 4.027113148075155137e-79
3.635041958528398842e-01 1.110240142943271055e-78
3.670511116780573180e-01 2.784976797136200642e-78
3.705980275032747517e-01 6.922259670839812443e-78
3.749054517028110878e-01 2.066761150437825893e-77
3.789690218981956460e-01 5.731364724339400668e-77
3.830325920935802042e-01 1.571582428175016087e-76
3.870961622889647624e-01 4.262224950345896006e-76
3.908689800017780547e-01 1.065930876848702967e-75
3.946417977145913469e-01 2.641655806955814357e-75
3.991800666324834546e-01 7.779204990703441640e-75
4.034085502167041315e-01 2.103905524712440167e-74
4.076370338009248084e-01 5.629631621863987026e-74
4.118655173851454854e-01 1.490730590948999047e-73
4.158879998709546499e-01 3.728952821611076291e-73
4.199104823567638145e-01 9.243707831987066067e-73
4.239329648425729791e-01 2.271215408849127781e-72
4.279554473283821436e-01 5.532256903438723543e-72
4.319779298141913082e-01 1.336150398738337685e-71
4.360532920058540207e-01 3.237109582523047312e-71
4.401286541975167332e-01 7.777212199619588913e-71
4.442040163891794458e-01 1.853230241939253452e-70
4.491702626793007691e-01 5.282189316511313814e-70
4.537310107043115992e-01 1.367956113610376141e-69
4.582917587293224293e-01 3.508838887542218933e-69
4.628525067543332594e-01 8.916242713745415148e-69
4.673690839786605600e-01 2.225113691801409436e-68
4.718856612029878606e-01 5.504339987194550315e-68
4.764022384273151611e-01 1.349974932731725923e-67
4.809188156516424617e-01 3.283191281217115347e-67
4.854353928759697623e-01 7.919491827844650074e-67
4.900592891138922935e-01 1.934517931012957846e-66
4.946831853518148248e-01 4.686748469085457018e-66
4.993070815897373560e-01 1.126352550234123118e-65
5.039309778276599427e-01 2.685710743958180984e-65
5.085548740655825295e-01 6.354812284661848823e-65
5.133041314910431474e-01 1.527180404524452541e-64
5.180533889165037653e-01 3.641746248668139755e-64
5.228026463419643832e-01 8.618609849881577839e-64
5.275519037674250011e-01 2.024637629727735658e-63
5.323011611928856190e-01 4.721849378003652804e-63
5.370504186183462370e-01 1.093457078924124308e-62
5.420916379075708669e-01 2.646241739345834569e-62
5.471328571967954968e-01 6.355452638176143102e-62
5.521740764860201267e-01 1.515054932797045984e-61
5.572152957752447566e-01 3.585486226082078976e-61
5.622565150644693865e-01 8.425108286661789437e-61
5.674627623476892202e-01 2.021055859337969321e-60
5.726690096309090539e-01 4.813098394939717105e-60
5.778752569141288875e-01 1.138104019438261853e-59
5.830815041973487212e-01 2.672475724617469933e-59
5.882877514805685548e-01 6.232762584774574163e-59
5.934939987637883885e-01 1.443907718441166809e-58
5.990151943895096753e-01 3.494301755974156443e-58
6.045363900152309622e-01 8.395190332916737609e-58
6.100575856409522491e-01 2.002653795453863158e-57
6.155787812666735359e-01 4.743932293350037478e-57
6.210999768923948228e-01 1.116032016682496164e-56
6.268368218800925984e-01 2.695301937385602724e-56
6.325736668677903740e-01 6.462479778778541191e-56
6.383105118554881496e-01 1.538489423905441326e-55
6.440473568431859253e-01 3.636909271280211322e-55
6.497842018308837009e-01 8.537859084842411533e-55
6.557439786370098389e-01 2.056876097046578165e-54
6.617037554431359769e-01 4.918987951596299690e-54
6.676635322492621150e-01 1.167840243170167267e-53
6.736233090553882530e-01 2.752710008967406921e-53
6.795830858615143910e-01 6.442199868144000967e-53
6.857774073070351806e-01 1.547334409235707998e-52
6.919717287525559701e-01 3.688386953811481817e-52
6.981660501980767597e-01 8.726042104202932280e-52
7.043603716435975493e-01 2.049047256831738003e-51
7.105546930891183388e-01 4.776009083132884188e-51
7.169978731694499618e-01 1.142762234392185006e-50
7.234410532497815849e-01 2.712774793074702612e-50
7.298842333301132079e-01 6.389482947331944913e-50
7.363274134104448310e-01 1.493271841802920216e-49
7.429198793700806380e-01 3.530921113368022295e-49
7.495123453297164451e-01 8.282430218575173092e-49
7.561048112893522521e-01 1.927428182838204940e-48
7.626972772489880592e-01 4.450202334520925378e-48
7.692897432086238663e-01 1.019514532164297964e-47
7.761351132562513966e-01 2.391500498054413343e-47
7.829804833038789269e-01 5.563703727332042111e-47
7.898258533515064572e-01 1.283838441637915765e-46
7.966712233991339875e-01 2.938640886103194226e-46
8.036857721882260108e-01 6.808804188945523482e-46
8.107003209773180341e-01 1.564547864821406467e-45
8.177148697664100574e-01 3.565673616462632711e-45
8.247294185555020807e-01 8.060656142793179427e-45
8.319248830934287131e-01 1.845524034841451561e-44
8.391203476313553455e-01 4.190342587396916728e-44
8.463158121692819780e-01 9.436372778688011206e-44
8.535112767072086104e-01 2.107810857595974600e-43
8.607067412451352428e-01 4.670618572490240457e-43
8.681608329963347304e-01 1.056122011477067120e-42
8.756149247475342179e-01 2.368171506016697312e-42
8.830690164987337054e-01 5.266491231789280081e-42
8.905231082499331929e-01 1.161684573550195315e-41
8.981659944986415400e-01 2.592585053546102074e-41
9.058088807473498871e-01 5.737975739050517963e-41
9.134517669960582342e-01 1.259555584286298219e-40
9.210946532447665813e-01 2.742586854333818061e-40
9.289276294425244940e-01 6.038312741083450249e-40
9.367606056402824066e-01 1.318516537295195633e-39
9.445935818380403193e-01 2.855773574216827072e-39
9.524265580357982319e-01 6.135965097686633520e-39
9.604540188652380683e-01 1.332708558611669505e-38
9.684814796946779047e-01 2.871064615060706760e-38
9.765089405241177412e-01 6.135648242831168401e-38
9.845364013535575776e-01 1.300891277908004467e-37
9.927618576176208132e-01 2.787164646056086784e-37
1.000987313881684049e+00 5.923604819225450865e-37
1.009212770145747395e+00 1.249009884682015271e-36
1.017438226409810742e+00 2.613097104518885474e-36
1.025864793555508525e+00 5.522352749697595425e-36
1.034291360701206308e+00 1.157831243241591391e-35
1.042717927846904091e+00 2.408647826392642880e-35
1.051144494992601874e+00 4.972349085746272407e-35
1.059775052132418294e+00 1.036487160470148262e-34
1.068405609272234713e+00 2.143742729373965132e-34
1.077036166412051132e+00 4.399889803917179002e-34
1.085666723551867552e+00 8.962397655092391430e-34
1.094503554462661343e+00 1.842641559726331344e-33
1.103340385373455135e+00 3.759416484614810674e-33
1.112177216284248926e+00 7.612306458858358144e-33
1.121014047195042718e+00 1.529961576965140580e-32
1.130058033141424501e+00 3.102127133469609298e-32
1.139102019087806283e+00 6.242532846431536131e-32
1.148146005034188066e+00 1.246914615524574356e-31
1.157189990980569849e+00 2.472512862466934095e-31
1.166439847269790553e+00 4.942852881763853760e-31
1.175689703559011257e+00 9.808478452125410912e-31
1.184939559848231960e+00 1.932243495580094525e-30
1.194189416137452664e+00 3.779276040933123986e-30
1.203642014330580601e+00 7.446914715000013448e-30
1.213094612523708538e+00 1.456784683197463989e-29
1.222547210716836474e+00 2.829539688039392183e-29
1.231999808909964411e+00 5.457412185094554382e-29
1.241652468869081760e+00 1.059738721587409355e-28
1.251305128828199109e+00 2.043294509932326821e-28
1.260957788787316458e+00 3.912299976242796274e-28
1.270610448746433807e+00 7.439609657111943069e-28
1.280464288472355161e+00 1.423827399471860296e-27
1.290318128198276515e+00 2.706157183161542994e-27
1.300171967924197869e+00 5.108397857973968045e-27
1.310025807650119223e+00 9.578531290803454954e-27
1.320086972722673391e+00 1.807568290578608674e-26
1.330148137795227559e+00 3.388001665172090628e-26
1.340209302867781727e+00 6.308002874128203458e-26
1.350270467940335894e+00 1.166768627694979367e-25
1.360546473762165975e+00 2.172099464817113992e-25
1.370822479583996056e+00 4.016873745289952713e-25
1.381098485405826137e+00 7.379980353554879722e-25
1.391374491227656218e+00 1.347177503626963533e-24
1.401867699199765838e+00 2.474441769837443321e-24
1.412360907171875457e+00 4.515464651966235510e-24
1.422854115143985076e+00 8.187367546222106649e-24
1.433347323116094696e+00 1.475182068239654513e-23
1.444053492978347952e+00 2.672733640568875050e-23
1.454759662840601209e+00 4.811716275283596114e-23
1.465465832702854465e+00 8.608375246965211612e-23
1.476172002565107721e+00 1.530596963568268078e-22
1.487088611911264735e+00 2.735234479562864451e-22
1.498005221257421749e+00 4.857634364987724083e-22
1.508921830603578762e+00 8.574186131302726744e-22
1.519838439949735776e+00 1.504316394825428864e-21
1.530970956216742618e+00 2.652498468002784466e-21
1.542103472483749460e+00 4.648646934095127325e-21
1.553235988750756302e+00 8.098293486887408581e-21
1.564368505017763145e+00 1.402475143704104275e-20
1.575722207507288530e+00 2.440805213122209366e-20
1.587075909996813916e+00 4.222624460630974775e-20
1.598429612486339302e+00 7.262432180154750432e-20
1.609783314975864688e+00 1.241852665222304569e-19
1.621355621266881375e+00 2.133035178903607933e-19
1.632927927557898062e+00 3.642452592308189194e-19
1.644500233848914750e+00 6.184370218842724909e-19
1.656072540139931437e+00 1.044094132997870402e-18
1.667862736286148451e+00 1.770013237245627457e-18
1.679652932432365464e+00 2.983578284560641333e-18
1.691443128578582478e+00 5.001024741595320742e-18
1.703233324724799491e+00 8.336370418899334584e-18
1.715246858188952617e+00 1.395284456010715735e-17
1.727260391653105742e+00 2.322339146657626497e-17
1.739273925117258868e+00 3.844157323875289423e-17
1.751287458581411993e+00 6.328838572441857074e-17
1.763524411947000159e+00 1.045900047200965842e-16
1.775761365312588325e+00 1.719039317060262404e-16
1.787998318678176490e+00 2.810252337289444379e-16
1.800235272043764656e+00 4.569854742179911237e-16
1.812472225409352822e+00 7.392477734262222359e-16
1.824984039500052058e+00 1.202421693530962725e-15
1.837495853590751294e+00 1.945443298642795294e-15
1.850007667681450529e+00 3.131182852527063066e-15
1.862519481772149765e+00 5.013704671779425800e-15
1.875261393657523534e+00 8.055641707206641731e-15
1.888003305542897303e+00 1.287610624698581611e-14
1.900745217428271072e+00 2.047595136444569338e-14
1.913487129313644841e+00 3.239740300372693872e-14
1.926229041199018610e+00 5.100510807447876782e-14
1.939250079063923549e+00 8.069230634765093411e-14
1.952271116928828487e+00 1.270150475245025969e-13
1.965292154793733426e+00 1.989361379238988127e-13
1.978313192658638364e+00 3.100543912272381616e-13
1.991334230523543303e+00 4.809029094860785462e-13
2.004639851409880880e+00 7.493747689302802310e-13
2.017945472296218234e+00 1.161993388225308267e-12
2.031251093182555589e+00 1.793085018866343012e-12
2.044556714068892944e+00 2.753720406955485437e-12
2.057862334955230299e+00 4.209098136451675441e-12
2.071454758436621635e+00 6.461639991233792223e-12
2.085047181918012971e+00 9.872240490371884074e-12
2.098639605399404306e+00 1.501193059114414759e-11
2.112232028880795642e+00 2.272130312827585042e-11
2.125824452362186978e+00 3.423207638657050063e-11
2.139705948387908396e+00 5.178285171269931883e-11
2.153587444413629814e+00 7.796726787645518884e-11
2.167468940439351233e+00 1.168529878922412770e-10
2.181350436465072651e+00 1.743393623627461724e-10
2.195231932490794069e+00 2.589438783190267754e-10
2.209404428012514465e+00 3.860445453594233909e-10
2.223576923534234862e+00 5.729218437975688730e-10
2.237749419055955258e+00 8.464591949120173714e-10
2.251921914577675654e+00 1.245074481921692789e-09
2.266094410099396050e+00 1.823428589750056112e-09
2.280559632591927510e+00 2.679633676930685988e-09
2.295024855084458970e+00 3.920478885723445946e-09
2.309490077576990430e+00 5.710910403946832946e-09
2.323955300069521890e+00 8.283218545433296120e-09
2.338420522562053350e+00 1.196313380841281457e-08
2.353180187551155100e+00 1.733247742724207771e-08
2.367939852540256851e+00 2.500359571901487580e-08
2.382699517529358602e+00 3.591658035160815592e-08
2.397459182518460352e+00 5.137623068536469543e-08
2.412218847507562103e+00 7.318596791093552527e-08
2.427274699313004991e+00 1.045549883576125011e-07
2.442330551118447879e+00 1.487424888715579850e-07
2.457386402923890767e+00 2.107279729136975475e-07
2.472442254729333655e+00 2.973234675247637990e-07
2.487498106534776543e+00 4.178096933878360100e-07
2.502851895913043023e+00 5.886594945316565306e-07
2.518205685291309504e+00 8.259757431703905289e-07
2.533559474669575984e+00 1.154276603457744065e-06
2.548913264047842464e+00 1.606620006605728022e-06
2.564267053426108944e+00 2.227396374937832155e-06
2.579920520646072912e+00 3.095292443470038533e-06
2.595573987866036880e+00 4.284090986432473323e-06
2.611227455086000848e+00 5.905903518984154791e-06
2.626880922305964816e+00 8.109623145623575313e-06
2.642534389525928784e+00 1.109214045811678136e-05
2.658489321758915391e+00 1.520238159487534191e-05
2.674444253991901999e+00 2.075204374013532067e-05
2.690399186224888606e+00 2.821405581577474304e-05
2.706354118457875213e+00 3.820511374705378609e-05
2.722309050690861820e+00 5.152481015460443027e-05
2.738568259986949194e+00 6.959096123918299352e-05
2.754827469283036567e+00 9.358311254901753855e-05
2.771086678579123941e+00 1.252831923082832434e-04
2.787345887875211314e+00 1.669389758910117384e-04
2.803605097171298688e+00 2.213511490656777723e-04
2.820181441993818261e+00 2.935210666866333584e-04
2.836757786816337834e+00 3.869150119854681104e-04
2.853334131638857407e+00 5.066993607486700805e-04
2.869910476461376980e+00 6.587441536341114619e-04
2.886486821283896553e+00 8.494026761730335499e-04
2.903400188289761541e+00 1.090378800877095464e-03
2.920313555295626529e+00 1.384308719872012153e-03
2.937226922301491516e+00 1.735474666555680747e-03
2.954140289307356504e+00 2.145011535478380006e-03
2.971053656313221492e+00 2.609558444849099934e-03
2.988714067855201328e+00 3.143711052248254322e-03
3.006374479397181165e+00 3.711668278336523966e-03
3.024034890939161002e+00 4.291676097562308403e-03
3.041695302481140839e+00 4.859561652049746751e-03
3.059355714023120676e+00 5.392330013307712437e-03
3.077016125565100513e+00 5.871443804511426723e-03
3.098237998371998536e+00 6.359674184351960836e-03
3.119320639187606492e+00 6.743237704086620619e-03
3.140403280003214448e+00 7.029269797127797245e-03
3.169294213350449585e+00 7.283179816761713686e-03
3.198185146697684722e+00 7.410602248319808801e-03
3.227076080044919859e+00 7.446492727034421250e-03
3.255967013392154996e+00 7.419307304462297373e-03
3.291079688509952028e+00 7.331233024260693648e-03
3.326192363627749060e+00 7.206340753151801656e-03
3.369288412939893007e+00 7.025599761256768987e-03
3.415631783641453367e+00 6.815137141659995991e-03
3.474218272688761822e+00 6.541431934298745469e-03
3.545728054106402460e+00 6.209167117320834282e-03
3.636567402504478075e+00 5.800145527418813958e-03
3.747267467549059372e+00 5.326673869221911981e-03
3.886764080368940277e+00 4.769508719135217949e-03
4.026260693188820738e+00 4.253587647117041889e-03
4.165757306008701200e+00 3.775582977792674502e-03
4.305253918828581661e+00 3.332589322283276839e-03
4.444750531648462122e+00 2.922231197630091506e-03
4.584247144468342583e+00 2.542636157811460976e-03
4.723743757288223044e+00 2.192389608162515456e-03
4.863240370108103505e+00 1.870488966797104625e-03
5.018560083779076919e+00 1.544656557917947022e-03
5.173879797450050333e+00 1.252734161411159317e-03
5.329199511121023747e+00 9.946002307239811512e-04
5.484519224791997161e+00 7.702579090492846269e-04
5.639838938462970575e+00 5.795664972512578565e-04
5.795158652133943988e+00 4.219192156611202929e-04
5.950478365804917402e+00 2.959207522661362914e-04
6.141753555353061778e+00 1.805765064213358292e-04
6.327636672705877707e+00 1.045968592749261145e-04
6.513519790058693637e+00 5.652709417624245689e-05
6.699402907411509567e+00 2.843779832622429934e-05
6.885286024764325497e+00 1.331319175267079378e-05
7.113876631035671139e+00 4.752059549018093797e-06
7.342467237307016781e+00 1.530608680805036996e-06
7.646361340178529531e+00 2.924183027945518995e-07
8.044000773348903621e+00 2.675444072196478433e-08
8.652707223864956276e+00 6.246169181203898327e-10
9.907027902455505242e+00 -4.842493518015651054e-11
1.000000000000000000e+01 -1.691348389759167109e-11
